values = [10.20,0;
9.80,0;
9.60,0;
9.80,0;
10.40,0;
10.80,0;
9.60,0;
9.80,0;
10.60,0;
10.40,0;
10.60,0;
10.40,0;
10.00,0;
10.00,0;
10.40,0;
10.20,0;
10.00,0;
10.20,0;
10.60,0;
10.60,0;
10.60,0;
10.20,0;
10.60,0;
10.80,0;
10.80,0;
10.40,0;
10.60,0;
10.20,0;
9.80,0;
11.00,0;
10.40,0;
10.40,0;
10.60,0;
10.60,0;
11.40,0;
10.60,0;
10.60,0;
11.00,0;
10.40,0;
11.00,0;
10.80,0;
10.80,0;
11.00,0;
141.20,10;
143.60,10;
146.00,10;
148.80,10;
149.40,10;
152.00,10;
152.20,10;
155.40,10;
157.00,10;
158.00,10;
160.60,10;
161.20,10;
162.20,10;
165.20,10;
165.40,10;
166.80,10;
169.20,10;
170.00,10;
171.60,10;
172.40,10;
172.80,10;
174.40,10;
175.60,10;
176.20,10;
177.60,10;
178.20,10;
179.80,10;
181.00,10;
180.40,10;
182.40,10;
182.60,10;
183.80,10;
185.00,10;
185.80,10;
186.00,10;
187.60,10;
187.00,10;
188.00,10;
189.60,10;
287.20,20;
288.60,20;
288.60,20;
290.60,20;
289.80,20;
291.00,20;
292.60,20;
292.20,20;
293.40,20;
293.60,20;
293.60,20;
295.40,20;
295.80,20;
295.80,20;
297.80,20;
296.20,20;
297.20,20;
298.80,20;
296.80,20;
298.80,20;
299.60,20;
298.80,20;
300.20,20;
300.60,20;
300.60,20;
301.60,20;
301.00,20;
301.40,20;
302.60,20;
301.80,20;
302.80,20;
303.00,20;
301.80,20;
303.20,20;
303.80,20;
303.60,20;
304.80,20;
304.00,20;
367.40,30;
366.80,30;
368.80,30;
368.80,30;
368.00,30;
369.40,30;
368.40,30;
369.00,30;
370.00,30;
369.40,30;
370.80,30;
371.40,30;
370.20,30;
372.00,30;
372.20,30;
370.80,30;
372.60,30;
371.00,30;
371.80,30;
372.80,30;
371.80,30;
372.80,30;
373.20,30;
371.60,30;
373.60,30;
374.00,30;
372.60,30;
374.00,30;
373.60,30;
373.80,30;
375.40,30;
373.20,30;
374.00,30;
374.80,30;
373.00,30;
375.60,30;
375.60,30;
373.60,30;
420.40,40;
421.40,40;
422.40,40;
421.00,40;
422.80,40;
423.40,40;
421.20,40;
423.60,40;
422.80,40;
422.80,40;
424.00,40;
422.60,40;
423.60,40;
424.60,40;
422.60,40;
423.80,40;
424.60,40;
422.40,40;
424.60,40;
425.00,40;
423.40,40;
425.00,40;
423.80,40;
424.80,40;
426.00,40;
423.40,40;
425.20,40;
425.60,40;
423.60,40;
425.60,40;
426.00,40;
424.00,40;
426.20,40;
424.80,40;
425.60,40;
426.60,40;
424.40,40;
426.00,40;
426.40,40;
462.80,50;
461.60,50;
462.00,50;
463.40,50;
461.60,50;
464.20,50;
463.80,50;
462.40,50;
464.80,50;
464.40,50;
462.80,50;
464.60,50;
463.40,50;
463.80,50;
464.40,50;
463.00,50;
464.40,50;
464.60,50;
462.60,50;
465.40,50;
464.00,50;
463.20,50;
465.40,50;
464.00,50;
463.80,50;
465.60,50;
463.80,50;
464.60,50;
465.60,50;
463.40,50;
465.40,50;
465.20,50;
463.40,50;
465.60,50;
465.20,50;
464.40,50;
466.00,50;
464.40,50;
495.80,60;
493.40,60;
496.40,60;
496.00,60;
495.60,60;
497.20,60;
495.60,60;
496.60,60;
497.40,60;
494.60,60;
496.60,60;
496.60,60;
494.80,60;
497.00,60;
497.20,60;
495.80,60;
497.20,60;
495.40,60;
497.00,60;
497.40,60;
494.80,60;
497.40,60;
497.40,60;
495.20,60;
498.00,60;
497.40,60;
496.00,60;
497.40,60;
496.60,60;
497.40,60;
497.80,60;
495.20,60;
497.80,60;
498.40,60;
495.60,60;
498.20,60;
497.60,60;
496.20,60;
499.00,60;
523.40,70;
524.20,70;
521.20,70;
523.80,70;
524.20,70;
522.60,70;
524.40,70;
523.60,70;
523.60,70;
525.20,70;
522.40,70;
524.00,70;
524.60,70;
522.20,70;
524.20,70;
525.20,70;
522.80,70;
524.40,70;
523.60,70;
523.40,70;
525.60,70;
522.80,70;
524.60,70;
525.80,70;
522.80,70;
524.80,70;
525.20,70;
523.20,70;
525.60,70;
524.40,70;
523.80,70;
525.00,70;
523.40,70;
524.40,70;
525.40,70;
522.60,70;
525.00,70;
526.20,70;
523.60,70;
545.80,80;
546.40,80;
548.80,80;
545.20,80;
547.80,80;
548.20,80;
545.80,80;
548.20,80;
548.40,80;
546.40,80;
547.60,80;
546.40,80;
547.40,80;
549.00,80;
545.40,80;
547.60,80;
548.20,80;
545.80,80;
548.00,80;
548.00,80;
545.80,80;
548.60,80;
547.40,80;
547.40,80;
549.00,80;
545.60,80;
548.20,80;
548.80,80;
545.40,80;
548.40,80;
548.40,80;
546.40,80;
548.80,80;
547.20,80;
547.40,80;
549.00,80;
546.60,80;
548.20,80;
565.60,90;
568.20,90;
566.20,90;
566.80,90;
569.20,90;
566.60,90;
568.20,90;
569.20,90;
566.00,90;
568.40,90;
568.80,90;
566.00,90;
568.80,90;
567.80,90;
567.00,90;
568.60,90;
566.20,90;
568.20,90;
569.60,90;
566.00,90;
568.40,90;
569.80,90;
566.80,90;
568.80,90;
567.80,90;
567.20,90;
569.60,90;
567.40,90;
568.00,90;
569.20,90;
566.20,90;
568.20,90;
569.20,90;
566.20,90;
568.80,90;
568.20,90;
566.80,90;
569.00,90;
567.60,90;
586.40,100;
583.60,100;
586.40,100;
586.80,100;
584.60,100;
586.20,100;
587.00,100;
584.20,100;
586.00,100;
586.00,100;
584.20,100;
587.00,100;
586.40,100;
584.00,100;
586.60,100;
585.80,100;
584.40,100;
587.00,100;
585.40,100;
584.80,100;
587.00,100;
585.80,100;
584.60,100;
587.00,100;
585.80,100;
584.80,100;
588.00,100;
585.20,100;
585.00,100;
587.40,100;
585.20,100;
585.40,100;
587.00,100;
585.00,100;
585.80,100;
587.60,100;
584.60,100;
602.60,110;
599.20,110;
601.80,110;
602.60,110;
600.40,110;
602.60,110;
603.40,110;
600.20,110;
602.40,110;
602.20,110;
600.40,110;
602.80,110;
602.20,110;
600.20,110;
602.60,110;
602.00,110;
599.80,110;
602.80,110;
601.60,110;
599.80,110;
602.80,110;
602.00,110;
600.60,110;
603.20,110;
601.40,110;
600.80,110;
603.40,110;
601.60,110;
601.20,110;
603.20,110;
601.60,110;
601.00,110;
603.00,110;
601.00,110;
601.00,110;
603.80,110;
601.00,110;
616.60,120;
614.00,120;
615.80,120;
617.00,120;
614.20,120;
616.40,120;
617.60,120;
614.20,120;
617.00,120;
616.80,120;
614.40,120;
616.80,120;
616.40,120;
613.80,120;
616.20,120;
616.20,120;
613.40,120;
616.80,120;
616.20,120;
613.80,120;
617.80,120;
616.40,120;
614.60,120;
617.60,120;
616.00,120;
614.80,120;
617.00,120;
616.20,120;
614.40,120;
617.40,120;
615.80,120;
614.60,120;
617.80,120;
615.80,120;
615.20,120;
617.60,120;
615.40,120;
615.60,120;
626.80,130;
629.40,130;
629.80,130;
627.20,130;
630.00,130;
630.20,130;
627.80,130;
629.40,130;
630.00,130;
626.80,130;
630.00,130;
629.60,130;
626.80,130;
629.40,130;
629.00,130;
626.80,130;
629.80,130;
629.40,130;
626.80,130;
630.40,130;
629.40,130;
627.20,130;
630.40,130;
629.40,130;
627.40,130;
630.00,130;
629.00,130;
627.40,130;
630.20,130;
628.40,130;
627.00,130;
630.40,130;
628.80,130;
627.00,130;
630.40,130;
628.80,130;
627.80,130;
630.80,130;
640.60,140;
642.40,140;
639.20,140;
641.40,140;
643.00,140;
639.00,140;
640.80,140;
641.80,140;
638.60,140;
641.60,140;
641.60,140;
638.60,140;
641.20,140;
641.60,140;
638.40,140;
642.00,140;
641.00,140;
638.80,140;
642.20,140;
641.20,140;
638.60,140;
641.40,140;
641.80,140;
639.20,140;
642.40,140;
640.80,140;
638.60,140;
642.20,140;
641.20,140;
638.80,140;
642.20,140;
641.00,140;
638.80,140;
642.40,140;
641.00,140;
639.20,140;
642.20,140;
651.40,150;
652.80,150;
650.00,150;
652.00,150;
653.20,150;
650.40,150;
652.00,150;
652.60,150;
651.20,150;
652.60,150;
653.00,150;
649.60,150;
652.20,150;
652.00,150;
649.80,150;
652.80,150;
652.20,150;
649.60,150;
652.60,150;
652.00,150;
649.20,150;
653.20,150;
652.00,150;
649.80,150;
653.20,150;
651.60,150;
649.80,150;
653.00,150;
651.80,150;
649.80,150;
653.20,150;
651.60,150;
649.80,150;
653.00,150;
652.00,150;
649.80,150;
653.60,150;
661.40,160;
663.00,160;
660.60,160;
662.40,160;
663.20,160;
660.60,160;
662.40,160;
662.60,160;
660.20,160;
662.80,160;
662.40,160;
659.80,160;
662.20,160;
662.40,160;
659.80,160;
661.80,160;
662.40,160;
660.00,160;
663.00,160;
662.00,160;
660.20,160;
662.80,160;
662.40,160;
659.60,160;
663.60,160;
662.20,160;
659.60,160;
663.20,160;
662.00,160;
659.40,160;
663.60,160;
662.40,160;
660.40,160;
663.40,160;
661.80,160;
660.40,160;
663.60,160;
661.60,160;
671.80,170;
669.40,170;
672.00,170;
672.60,170;
670.00,170;
671.00,170;
671.60,170;
670.40,170;
672.00,170;
671.80,170;
669.40,170;
671.40,170;
671.60,170;
669.20,170;
672.40,170;
671.20,170;
669.40,170;
671.40,170;
671.60,170;
669.60,170;
671.80,170;
671.20,170;
669.40,170;
672.60,170;
671.80,170;
668.40,170;
672.80,170;
671.20,170;
669.00,170;
671.80,170;
671.20,170;
669.60,170;
672.80,170;
671.40,170;
669.60,170;
672.80,170;
671.40,170;
680.20,180;
679.80,180;
680.20,180;
681.40,180;
678.60,180;
679.40,180;
680.00,180;
678.40,180;
680.60,180;
680.60,180;
678.40,180;
679.40,180;
680.20,180;
678.20,180;
680.00,180;
680.40,180;
678.20,180;
